[.##.] (3) (1,3) (2) (2,3) (0,2) (0,1) {3,5,4,7}

02, 13, 0,2,1,4




1,3 * 5  3,0,4,2

0,2 * 3  0,0,1,2

2,3 * 1  0,0,0,1

3 * 1



1437

1, 101, 10, 11, 1010, 1100

1437-1100 = 337

337 - 101*3 = 34

34 - 11*3 = 1


[...#.] (0,2,3,4) (2,3) (0,4) (0,1,2) (1,2,3,4) {7,5,12,7,2}

0,2,3,4 * 2 5,5,10,5,0
0,1,2 * 5 0,0,5,5,0
2,3 * 5




 ((0,4), (0,1,2), and (1,2,3,4)) 
 
 5,3,10,6,0
 
 10111, 110, 10001, 11100, 1111
 
 
 [.###.#] (0,1,2,3,4) (0,3,4) (0,1,2,4,5) (1,2) {10,11,11,5,10,5}
 
 0,1,2,3,4 * 5 5,6,6,0,5,5
 0,1,2,4,5 * 5 0,1,1,0,0,0
 1,2
 
 
 [#..##.#..] (1,2,4,6,8) (0,1,6) (0,1,2,5,6,8) (0,1,2,4,6,7,8) (0,2,4,6,7,8) (0,1,2,3,4,5) (3,5,7) (0,3,4,6) {56,47,33,28,34,27,55,4,24}


 12 4 6 8  47,33,34,55,24      -> 24
01    6    56,47,55            -> 56
012  56 8  56,47,33,27,55,24   -> 24
012 4 678  56,47,33,34,55,4,24 -> 4
0 2 4 678  56,33,34,55,4,24    -> 4
012345     56,47,33,28,34,27   -> 27
   3 5 7   28,27,4             -> 4
0  34 6    56,28,34,55         -> 28


4 * 0124678, 024678, 357
24* 12468, 012568
27* 012345
28* 0346
56* 016


016*47  

12468   0,33,34,8,24     -> 34  xxx
016     9,0,8            -> 9   xxx
012568  9,0,33,27,8,24   -> 33  xxx
0124678 9,0,33,34,8,4,24 -> 34  xxx
024678  9,33,34,8,4,24   -> 30
012345  9,0,33,28,34,27  -> 34  xxx
357     28,27,4          -> 24
0346    9,28,34,8        -> 26


357*4

12468   0,33,34,8,24     -> 34  xxx
016     9,0,8            -> 9   xxx
012568  9,0,33,23,8,24   -> 33  xxx
0124678 9,0,33,34,8,0,24 -> 34  xxx
024678  9,33,34,8,0,24   -> 30  xxx
012345  9,0,33,24,34,23  -> 34  xxx
357     24,23,0          -> 24  xxx
0346    9,24,34,8        -> 26
